4 10 1

0 0 0 3.113999678679712
0 0 1 -2.676663263712864
0 0 2 -2.3238314700514837
0 0 3 -2.4142834667842212
0 0 4 2.9860933762227138
0 0 5 -3.1874647495049797
0 0 6 3.1987086929561293
0 0 7 2.4341014779099646
0 0 8 -1.6930560705815763
0 0 9 -0.5471378250143619
0 1 0 2.86222087577813
0 1 1 -3.6418190706374323
0 1 2 -2.2776259297380745
0 1 3 -0.49056548167962094
0 1 4 3.250441110220772
0 1 5 -3.6947848823871996
0 1 6 3.1321373562539
0 1 7 2.707131312260992
0 1 8 0.36980211118680084
0 1 9 1.7496170909639583
0 2 0 2.619698605157965
0 2 1 -3.050927134364526
0 2 2 -2.301142897034193
0 2 3 -0.47980314875162244
0 2 4 2.806467033108435
0 2 5 -3.122948387917511
0 2 6 2.6867641720174467
0 2 7 2.5607766251308086
0 2 8 0.6607361668310833
0 2 9 -0.021654687596213258
0 3 0 1.881657340214767
0 3 1 -1.7191846860135138
0 3 2 -1.4128147055764086
0 3 3 -0.5976215984995933
0 3 4 0.9464624124494995
0 3 5 -1.2284789298451024
0 3 6 0.5860918197765851
0 3 7 2.3811220792758023
0 3 8 -0.9371079360241652
0 3 9 1.792344087267966
1 0 0 5.801101027252318
1 1 0 -11.774971332128334
1 2 0 -7.489121942752764
1 3 0 -3.2968225065136774
1 4 0 5.965746422318348
1 5 0 -12.588439969023653
1 6 0 5.479812718142238
1 7 0 5.0877278881892884
1 8 0 -1.911531730005094
1 9 0 -0.11694091862992372
