2 5 3

0 0 0 -4.69040135292555
0 0 1 7.760790531267872
0 0 2 4.594569963178911
0 0 3 3.672289032812816
0 0 4 -3.356991843944514
0 1 0 -4.580070531883234
0 1 1 -3.5123448527123604
0 1 2 4.482291347489821
0 1 3 -8.05410892546489
0 1 4 -0.2796474548948646
1 0 0 -3.982802256658467
1 0 1 -9.785211374184902
1 0 2 -9.98678640546475
1 1 0 6.032827744412161
1 1 1 0.5374112098086977
1 1 2 -10.040528678605677
1 2 0 -1.474725181760465
1 2 1 6.18837174940108
1 2 2 5.779947360159689
1 3 0 -8.99405682330497
1 3 1 -1.90993830204164
1 3 2 8.795248105166285
1 4 0 -7.172363097676408
1 4 1 -3.3728747046248966
1 4 2 -2.657422769533489
