0 0 0   0.2937854651183401
0 0 1   0.3844526903282442
0 0 2   -0.8512931798587404
0 0 3   1.0429234841484987
0 0 4   1.2996072143325328
0 0 5   2.4639556469779915
0 0 6   -0.007512422741020596
0 0 7   0.8752230291611334
0 0 8   2.087963653728945
0 0 9   -1.4151401051331094
0 0 10   -0.2044341882790931
0 0 11   0.34951152055026186
0 0 12   1.229366933015109
0 0 13   -0.24844025037176556
0 0 14   0.8761281609291273
0 0 15   -0.066307709852692
0 0 16   4.068961910635106
0 0 17   -0.4056916635245807
0 0 18   -1.4993357048559708
0 0 19   0.1044934179524891
0 0 20   0.052415341552030016
0 0 21   2.081752363778882
0 0 22   0.7164964842446406
0 0 23   0.7145711059720229
0 0 24   -7.624657811518473E-4
0 0 25   0.14328366356795186
0 0 26   5.615406498448587
0 0 27   -0.7854672351025558
0 0 28   -1.1257617748575452
0 0 29   3.6476579793042485
0 0 30   3.919336609637691
0 0 31   -0.03056848246895709
0 0 32   -0.35145218357487784
0 0 33   -0.9643995778988558
0 0 34   -0.22971665591231794
0 0 35   -1.5744744257077592
0 0 36   -1.171010068686078
0 0 37   0.5963957697796013
0 0 38   -1.0946217202204964
0 0 39   0.9260226572811835
0 0 40   0.7910419999660416
0 0 41   1.2439079962659556
0 0 42   -0.8647212992557612
0 0 43   -0.08951868639860533
0 0 44   0.8510206411070494
0 0 45   -0.16738843527442313
0 0 46   0.7289631522114931
0 0 47   -1.2522770505321492
0 0 48   1.2216157196865502
0 0 49   0.10637211085814481
0 1 0   0.5346996618270494
0 1 1   -1.3879524065784163
0 1 2   2.3076665649993555
0 1 3   -0.2766237934447912
0 1 4   -0.35541069193252806
0 1 5   2.5320752682292618
0 1 6   -0.5666405909929588
0 1 7   -0.27720942763809747
0 1 8   2.2734358361746514
0 1 9   3.4213883886478516
0 1 10   -0.8315342239340177
0 1 11   0.5639753926157146
0 1 12   1.0564976017666157
0 1 13   -0.18712567698915858
0 1 14   0.14864574812313933
0 1 15   0.04892669394440128
0 1 16   4.096662964007857
0 1 17   -0.11554972108077148
0 1 18   3.5837582794088854
0 1 19   -0.3486989438062704
0 1 20   -0.8859357491599261
0 1 21   -0.8124417573865019
0 1 22   0.8984968416209035
0 1 23   -0.037057808954023046
0 1 24   -0.16117377841732236
0 1 25   0.14357360976074474
0 1 26   -2.577551190225382
0 1 27   0.0790722168267527
0 1 28   0.9596214436746011
0 1 29   3.7447722480288985
0 1 30   3.9729956233048163
0 1 31   -0.6000812314325814
0 1 32   1.4202315506325032
0 1 33   0.14530134888760834
0 1 34   1.0170408482453654
0 1 35   0.6184201675873093
0 1 36   2.941841543135296
0 1 37   0.35571559201642483
0 1 38   0.6635807688471456
0 1 39   -0.5856688305787074
0 1 40   -0.04886969520019923
0 1 41   0.2175330268630217
0 1 42   2.323538611007489
0 1 43   -0.5830459164442777
0 1 44   -0.5538857512415531
0 1 45   1.1750799347493388
0 1 46   -2.0317994972038855
0 1 47   1.0446998995781727
0 1 48   -0.41039635823445925
0 1 49   0.8227656033194174
1 0 0   -0.04118960458717083
1 1 0   0.6955894325818183
1 2 0   -1.9249745355077748
1 3 0   -1.1696134206591169
1 4 0   -1.8088761429393558
1 5 0   2.4930666256641976
1 6 0   0.44753999458061694
1 7 0   -1.5659256879514984
1 8 0   2.112569243459488
1 9 0   -2.8864367487382796
1 10 0   -0.0973399576947879
1 11 0   -0.9153479921605859
1 12 0   0.7206633938959048
1 13 0   0.5779281808906865
1 14 0   -0.7710046047500402
1 15 0   -0.8398482568601353
1 16 0   6.753011259966729
1 17 0   0.05512429847201938
1 18 0   -3.129404376607571
1 19 0   -0.7759733066927538
1 20 0   0.65489342961033
1 21 0   -1.6128547792823686
1 22 0   0.6026862040132736
1 23 0   -1.6118503066697545
1 24 0   -0.5614577318163666
1 25 0   -1.29887118063336
1 26 0   -6.134273624217754
1 27 0   0.6989243529172446
1 28 0   0.08307666318242332
1 29 0   5.392766161616875
1 30 0   6.286843671359311
1 31 0   -0.5919630337277937
1 32 0   -1.301143999610719
1 33 0   1.156699756366386
1 34 0   -0.4507131141075566
1 35 0   0.8086442769328225
1 36 0   -2.697093821094918
1 37 0   -0.6862840816519928
1 38 0   0.2667771316877099
1 39 0   -0.41451098479872234
1 40 0   -1.6722884852665496
1 41 0   -0.27518110451744454
1 42 0   -1.6091907577751463
1 43 0   0.7891527752471184
1 44 0   -0.44462794473699446
1 45 0   -0.49050702652873457
1 46 0   1.2558252019368248
1 47 0   0.13219922613155893
1 48 0   -1.1304279217354827
1 49 0   -0.6282262631497478
